26077
10289
13775
1751
32521
2496
12325
18446
762
7792
10961
24344
5360
7821
22205
27589
32209
30324
22950
31859
21454
24485
21208
4042
17732
4122
7481
24233
2784
29655
29321
607
17671
9411
21480
19231
18549
5302
23449
23214
7716
7635
23557
22367
14959
27928
28675
19265
12151
31539
24662
919
24262
1943
631
1160
28210
18896
29846
25880
1028
19731
23259
10071
3674
10778
497
24792
6602
4911
2757
18277
31560
26246
907
30193
20810
15055
4611
32206
8234
6668
4858
6177
3531
24224
21267
2962
127
26281
17607
6728
9512
4496
22443
3092
8350
15327
21745
10476
28753
11602
25906
14236
15920
11568
9067
21688
11209
12507
24901
13781
22705
22694
153
11512
10278
12008
1587
79
2547
23887
18902
27167
19092
19574
26497
21758
11931
25017
22001
10306
23890
20296
18023
14521
24226
10874
12715
12699
12339
15460
13905
2492
13781
16555
11323
22790
2335
1686
4447
8743
27733
10343
13258
25735
25743
19692
15589
2685
16152
10065
504
1986
1557
10552
15852
15398
10343
6923
6229
28289
22738
3729
7600
29677
26718
24512
3304
22322
8189
14291
7712
5250
23919
18076
9900
15719
30563
9754
15968
6393
11487
7246
18958
5204
9185
12107
3914
5961
15175
16269
13680
4436
13292
7307
22505
21198
29972
18319
3497
1636
28682
22726
2556
24264
26375
14995
14979
19622
6998
12073
1657
20698
9910
21593
4923
16096
1024
6568
12808
908
2825
23717
23301
17403
25546
8058
22916
26825
13502
3520
3461
27012
4236
17304
26237
27745
26342
2807
31575
3630
31921
833
25529
26248
12134
26394
13960
7246
1976
25721
20910
7766
24439
15101
20251
21598
7860
5253
19209
23621
21542
19451
24453
10107
11468
5744
31019
3254
3796
17006
26929
8678
23484
393
22695
29292
7607
28728
252
25990
9298
20451
19909
26894
21591
10045
19386
13413
12017
15572
2305
14250
21522
8167
19120
2863
1042
13175
15245
29485
25753
28576
30744
19382
3262
19754
7115
28908
7280
3932
13216
30577
25365
24592
14804
18718
22898
29197
32490
31224
29387
7568
9204
26975
2379
11052
2574
905
27046
16596
23339
14127
16892
9527
4116
29574
30721
19788
6061
17009
10843
26669
890
21237
24907
23848
23907
2029
12944
28691
2740
24319
23688
32737
24680
17358
7321
4979
19623
9073
17615
10416
14733
21541
21702
31192
3373
9534
6603
11541
27350
11108
6718
8788
6549
7419
20538
21330
13306
21219
30585
31226
1311
16738
29297
28910
14055
32094
2755
612
13700
8656
4310
6451
27708
10613
7871
2093
16236
4295
613
23472
26573
21547
4834
27000
4854
7788
29996
4791
27938
15208
5108
27752
30772
8969
20174
16864
21496
12407
9363
9638
23468
22924
23811
1156
15551
31369
30127
28382
27352
2567
22039
3139
5402
18736
3855
27970
167
17454
10599
12159
27746
14052
18378
10246
25082
10716
8167
2014
6180
23425
3791
12002
18983
18831
19614
8396
10398
28359
862
20627
18297
2279
19752
13815
11590
31449
23948
24921
26543
7979
23092
465
18755
7871
9923
4475
13433
8132
10243
7185
6129
24804
16960
21439
32766
5311
5871
26674
24930
4505
17812
21491
344
10575
13282
5107
7896
15760
8483
32103
16662
25673
2266
9685
20300
12385
6311
4463
21945
29351
15724
7073
7145
1801
2990
19942
28728
518
1854
6367
19602
21094
3608
9126
14460
11048
27275
9568
3160
18876
20634
32017
31204
27762
19107
31669
32261
3379
22846
5260
8131
13423
19048
26549
8340
30806
3041
23294
477
31819
31954
13563
950
1173
691
28245
238
29272
25964
11621
19534
15300
14010
8193
29474
13453
18645
10134
2294
15003
30800
2935
24734
6914
19776
9589
22137
17204
14240
15536
4086
4726
27380
685
21590
24464
7469
26280
25268
1737
11469
13099
26947
5138
29259
10719
472
23938
16569
4515
22440
8706
22948
27355
23122
74
22588
15882
8736
23052
22452
14500
27017
30574
22764
3101
16379
32446
11086
17222
23000
5217
23798
473
8639
14093
30229
25170
28428
11321
919
26113
1442
4305
13571
11102
17128
25133
4515
24220
7185
4932
2278
6273
20897
541
25090
8052
31788
24967
20189
16088
22113
27402
9774
10392
26696
27933
2271
5379
30664
2457
30391
5339
25196
14446
5685
18856
17511
25237
13247
30802
4309
10566
15356
10735
32579
11626
13694
20186
29298
27475
32164
6149
15448
32427
19646
31376
25448
25258
17779
4506
19731
652
4960
21079
29071
11843
23810
18018
31959
18281
3286
16469
243
14968
13758
16024
7545
6205
5799
28790
16468
25482
361
4470
25540
26412
10478
3816
28070
10268
6807
11198
5110
18426
26331
5789
27282
27574
15666
9780
32320
31377
32561
12237
8435
18756
3830
11297
19274
1406
23750
7793
14170
30100
30709
29138
6317
24692
9990
16585
5514
12764
19220
15127
25975
11977
4721
7638
14589
20017
16012
29125
20139
2548
280
993
22878
15377
13418
19509
7103
23573
29475
14066
23820
12506
21264
962
6940
19053
18254
12122
7581
22608
28082
6990
20129
12258
19303
26666
31833
5915
15577
13758
26655
10108
7378
15801
18106
23878
26339
31866
5598
9963
22790
23586
27379
2242
22657
5614
7959
10494
7694
15812
31846
22497
27960
11275
20601
26669
23304
14784
2092
27612
26593
710
14501
10512
28841
8830
14738
23373
15145
7832
13489
5350
8631
29737
20118
21685
8722
31485
19625
9231
21389
4910
23662
20727
2160
20725
24585
6290
7835
6849
25601
21980
17260
28038
8772
2200
12003
15192
13931
18573
6660
6200
26432
30959
29821
10542
10621
20508
7561
2456
16343
1929
9236
6849
7227
18427
21024
29109
26200
9722
1895
22356
19293
17026
10050
3750
31492
25597
7625
21870
30159
7022
16444
21250
4241
18927
3234
26969
20785
6749
3247
7270
2219
17234
24555
932
20055
9555
12561
31219
16494
6475
6837
32674
11722
824
16170
717
3309
32037
6051
489
25669
11864
16024
15517
1967
8908
14700
26323
20281
14050
1356
4624
11052
27475
27482
16640
14666
13673
24587
22870
16212
8047
29133
26579
11983
19814
2798
27299
5640
14841
2745
5616
8790
16307
31202
18098
6047
17008
24100
6084
24861
3345
28968
19773
8034
14196
16041
2557
22426
10404
28118
902
10257
2380
14839
10254
9717
14962
24148
27346
18524
9313
31058
10924
1160
29159
10976
26344
32618
3009
29201
13908
30822
26708
3594
13462
20822
926
26143
22978
22481
4971
15673
28716
13229
19404
13435
7291
7874
18373
24869
11263
18929
27206
31160
7493
4966
19292
24155
5864
29209
1449
125
16553
15003
30738
28092
12994
8463
20407
517
28536
7286
28200
1277
6896
3889
32726
13984
25923
22720
22215
3880
23252
13520
23950
13873
3810
2933
13947
29978
21593
5812
23311
10414
30958
324
20402
30212
13930
25237
16296
18083
20038
15378
5442
20458
889
23460
25169
10672
26254
18295
11488
14375
10233
5888
29731
27910
25771
23871
426
9191
8420
2113
23258
7661
25929
23018
26270
24747
12854
24049
7002
31809
15701
300
18721
31944
11632
11790
21543
2801
18563
4718
29561
32744
18454
29321
18411
28799
18377
11595
24402
29576
561
21962
30708
10114
20450
1556
6205
15225
7373
20266
20148
32551
18381
27212
11821
15967
8316
3959
23103
27564
30539
5421
14328
24117
29650
15732
5840
9955
9572
21537
26076
16582
487
598
18756
8373
18146
31562
9207
26677
28888
26184
27037
16285
15573
10747
19662
7031
26694
31976
7553
28968
8973
24380
27591
7892
26581
25032
17081
2684
11939
24138
4014
15465
11694
1262
2482
30926
7281
25364
11572
7337
11518
18260
8191
16874
12181
9919
4460
28375
5237
26472
27349
21679
16370
13348
25676
24973
25800
15757
20877
10640
22703
3149
15154
27449
5936
18585
6182
13076
26294
6907
15196
25243
21480
2645
18881
7767
30518
31523
19567
26440
14514
13312
13091
25479
1570
2924
23281
6698
12115
8908
27958
9832
23728
21170
10959
9726
21522
11359
30600
26320
32730
13446
14807
6100
27710
15187
25291
300
12000
30124
12863
1938
27813
15287
2899
32505
29124
4252
27933
4209
4125
22412
25499
14156
14285
23042
1260
6527
32255
840
20160
16203
1540
30014
30734
28188
167
23127
2821
10929
13754
6372
23364
9853
19445
19349
11341
7245
17153
9020
7223
24620
21455
5589
9892
9859
11054
32452
21491
18053
12957
5213
26807
31690
23389
22185
10599
27450
8139
23399
1623
28461
12013
6994
17382
28369
30283
9378
29433
17611
32256
22229
19881
31009
19216
2991
19513
21079
15356
20864
1611
472
5012
6821
13395
28568
9741
1617
25931
26872
23635
9870
15529
14058
416
26494
19598
24405
3918
31719
24640
5563
27370
29422
19162
7961
19081
23331
3650
11534
13151
5822
28252
29760
18061
17704
17533
508
20539
26046
10019
5404
19687
6097
14819
32302
22780
7153
14754
19154
16039
31339
6408
16484
5606
29456
16690
27099
10978
6712
19111
15601
7806
18183
17038
6789
30000
14063
20510
11837
2064
2678
20053
29039
3118
32570
11757
21826
9257
2866
13196
22544
12285
15670
26171
2575
20253
1730
16921
17713
18626
21239
848
7240
20098
3810
7497
17774
19748
1793
12828
932
16307
15875
7755
21433
14545
8400
27823
24686
5710
15305
18098
471
4857
21841
13503
19460
10934
4492
17143
28897
1233
870
24102
31067
22674
20184
31989
6596
18
16487
26977
9593
11596
32237
15979
26050
30071
13467
28177
22521
9876
26687
25470
5871
6979
18371
5502
29579
218
10998
7476
180
17336
7568
9487
5745
5591
7024
17402
4175
17313
25127
6355
19204
19205
31674
14879
9553
26825
26276
19964
2093
4130
32539
24150
14879
130
3476
15710
492
28081
7817
3640
23666
28191
1914
17908
18900
9081
15666
14528
30167
20858
24395
1884
16268
22276
7412
206
25648
15727
22258
19542
20816
21025
8933
28580
25136
32350
5069
1353
3182
20834
27596
14188
16355
28845
6958
21182
32202
25247
12454
1456
27428
26436
7898
8163
25179
21361
31522
26079
18469
8720
6541
19721
10155
12216
10790
13263
23019
21633
15221
27174
15450
20502
17992
7734
15054
15371
9907
339
12444
30833
9813
14640
25853
18088
31709
29007
9911
1653
25549
8380
19193
18772
13950
22523
4998
12304
8036
11071
16405
18064
22932
3293
20216
20980
5507
11263
12541
17633
27665
11165
29842
19992
710
17833
11308
13646
17755
11914
5097
31288
22652
19660
14964
27109
10700
6422
12585
7760
16682
14940
1913
7222
14131
12885
5520
805
29959
11824
23094
982
8528
20355
28659
4284
24193
388
23927
31965
15964
11899
17720
31969
3767
26999
14429
15976
25471
24640
12507
2465
509
10638
30430
8473
4440
17272
30058
21456
13404
22063
16962
30098
28793
3820
23817
12676
1551
10023
27047
27390
7657
27658
27118
8344
28679
23077
14974
1416
18336
8547
22245
17707
2151
9533
10507
9441
6414
19757
26574
30750
22280
14694
18665
6846
30612
12226
2586
26009
31223
21756
5508
20824
3848
1567
17746
15239
6642
26174
2717
491
11830
29798
31631
26645
12015
15825
3273
31543
29530
92
31235
26679
5269
20795
8690
30722
18599
7148
22895
9763
28353
3433
31189
1428
12484
16290
11947
26579
24066
14634
18051
31289
25417
5425
2849
19848
1054
26546
25824
31683
14662
12781
19794
24642
22667
31512
21799
5637
27068
24914
16720
12361
19702
14040
868
24921
5666
32635
4418
935
16831
25170
24568
14619
9954
25516
1507
5291
19066
31560
18456
556
30681
23241
5891
24679
17008
30820
15950
368
21722
12764
19460
1331
12573
7088
29431
16976
17964
20627
27743
12585
32432
21788
7363
3384
11527
25535
29
8359
30861
13564
8505
28186
12315
6102
8286
11472
9678
28295
3376
19178
30730
25458
6101
27146
27582
27225
23895
2592
15337
25040
21321
22145
605
26865
5806
18746
7619
15698
8726
6307
14559
13620
12042
9015
22293
10749
18090
19874
2604
26345
17813
1820
13651
28668
22281
26614
353
13627
11084
7794
26209
1563
27978
7640
28238
22842
15231
17350
5403
15437
10263
26568
27126
89
1108
2344
21966
30247
31537
3848
11027
20210
16197
20141
25277
30050
20457
19486
10895
29374
6557
26862
10397
13405
30120
30038
6156
17757
19711
22407
8985
20632
25192
15677
7772
32468
2015
2968
2382
1338
17209
296
30730
30730
9735
15942
19024
13708
23741
10155
21455
32074
14612
22331
22948
1916
15276
3874
2334
12484
24822
25378
19396
3611
13649
3115
7321
32011
29811
6701
17054
1056
14347
30762
5273
6041
31140
30351
10773
5730
27597
20420
7594
4935
28279
23298
17534
15970
8862
24933
32524
725
24876
18754
1828
11455
6426
3002
24371
11112
22744
10383
18117
17343
1775
3127
22600
18183
3557
7215
13331
8653
32608
23954
23719
22301
29327
27114
10292
15349
8646
9798
27487
1786
2920
28813
16706
2154
6666
14097
5300
7762
6101
11879
20171
14593
28972
6519
20128
956
2703
22479
3666
1459
11712
11837
6478
20276
21028
32156
14285
1823
17515
23534
29598
27802
29044
17323
23077
8453
22634
19801
8100
20017
26676
10077
1977
31948
19468
16401
14120
12064
27501
22038
21211
5118
8499
25324
4135
26100
28158
5055
6737
19142
10711
17540
29009
18204
30998
12613
9685
6777
2178
20921
5769
5996
21691
4888
4758
19466
213
25645
1384
3739
70
18349
4021
17044
6146
24775
12731
27078
31460
11772
27337
21972
1360
26161
29184
3562
23575
11267
27739
15532
29338
2906
17389
14957
15411
30017
1130
1954
3280
11765
24809
19350
27873
24891
18152
11103
25717
20727
8849
3344
415
20987
14396
6960
7711
2845
14132
7275
10302
10892
27070
29576
29434
1380
9815
23451
20835
21887
26174
13436
325
2447
9522
29559
10503
23401
28285
3141
27859
8356
15153
26171
24312
2403
1458
12738
20364
16751
13940
12807
16213
10121
19974
20212
31210
3838
28752
862
6933
16251
13593
31616
892
10019
25036
30632
128
29407
28795
18224
11110
245
2084
28592
17332
25053
18995
21618
2270
23376
6473
29222
22306
8609
15676
727
2993
15184
2143
7710
29711
17117
25091
10646
19644
31450
23101
11663
4884
26692
10986
25095
11892
26387
18929
2006
13470
27920
28872
25128
19807
28391
15674
25648
31087
7037
20327
26395
16536
24963
2316
31811
2842
29516
20996
12198
10831
15579
1551
20118
21643
65
28627
1714
6214
3110
29984
28948
2685
16549
22648
24012
13397
22109
13263
29581
1026
7108
4239
30631
17639
7359
16607
21045
25342
26736
24101
8856
32123
26959
4297
30756
3244
893
1341
792
7972
27989
12858
20948
29208
30275
21580
28230
26889
12249
17040
28582
10403
11551
188
21603
22758
19499
12897
14429
21123
15858
21357
15188
15241
16478
23028
11168
22336
16033
9520
18723
3413
19400
24006
13437
27704
11155
11082
24190
10947
23940
25350
3041
27932
24118
5111
16695
20700
4848
5145
11041
1137
4986
29413
22210
28097
17967
29975
20084
9231
596
32180
28346
16675
11432
2124
1911
19877
572
6268
7517
19659
1413
17080
24487
11060
16816
12871
9739
5395
22581
20623
2794
30607
3247
29075
30155
12650
17131
10682
10759
14049
9023
12498
11717
11476
22813
30292
7465
16167
8167
19178
15817
13928
4613
17198
26209
4274
28214
14261
3783
8657
18211
1612
7201
32422
20794
30849
15701
14285
17081
29542
27585
10110
31241
21649
25645
22193
24142
8295
11261
15750
11836
26011
30379
25315
12588
31217
32629
8031
32367
29768
11091
1887
20194
2007
1836
16510
3266
9399
30281
17971
5570
417
9482
25006
25435
29434
5080
22786
3428
13068
20058
6537
23266
32663
8940
24964
21793
12424
28237
11523
4356
11272
20375
27141
8857
23480
22645
14303
28400
1851
3472
13794
20526
14326
19274
9528
16349
2579
25263
25103
31622
3788
680
30714
22402
9190
16754
21907
13325
25723
23119
25446
18588
5885
29564
522
14705
15480
98
13201
11116
9495
5136
29731
18980
11754
14313
1509
29750
3046
6810
13343
477
18478
11088
20895
22979
20881
29991
30296
18455
18259
20197
16463
19424
24880
13032
7096
20113
6302
21341
22107
31197
30547
16051
573
8140
12039
10319
27517
26895
24187
10626
9596
15761
10170
3768
29504
6990
31646
1266
3867
20328
16023
15222
5511
17783
10920
19908
5973
24865
4786
2509
5895
5612
27381
26208
30074
12623
15060
15845
4552
2831
23512
8525
8300
4041
10744
22345
32167
22986
2328
23482
32547
19495
25551
29545
2263
25611
1901
10233
26922
13387
317
16410
16475
16192
24839
2047
30496
8917
1241
32273
2189
19167
20999
14309
9016
7597
32625
4971
26011
22240
21764
2153
14777
1149
1156
11816
5125
23105
32648
18798
6527
20277
28358
30379
28960
14722
11920
17527
17528
23685
29855
21052
13206
7462
784
18224
16424
20582
3244
13703
29667
22584
11884
15846
17957
658
8764
1818
1241
24259
3840
24074
17564
32007
6613
4586
7197
19545
7321
24754
11978
2696
9645
1999
19113
31373
9465
19736
7555
21788
27185
5123
17736
10105
22615
21273
16303
5261
29314
32167
32029
11321
9693
13751
6856
19690
29938
23102
2076
17262
26665
17815
7006
7430
26507
20528
22927
24508
25036
27524
30099
7414
25737
26953
19090
4684
2510
17130
21919
19607
24283
30007
29335
330
10280
17500
24652
4614
9894
31759
20451
28264
16968
14
891
18470
15810
16585
16400
19802
22417
26715
5790
23837
31803
21439
18569
27224
28120
11329
19260
215
1233
13618
12048
8351
28136
8672
28016
25474
2424
1990
25148
8432
20478
16639
29802
1040
24537
21249
12787
18447
6222
11655
25325
3769
26063
21967
22516
1350
9085
20998
30671
19318
13803
26881
20561
20704
17189
2605
11900
7302
11249
29129
493
12974
10836
23890
3956
3309
14680
25663
14082
22661
10765
18671
20680
28401
2510
21984
26013
15549
15813
6945
18080
2715
30642
8202
18463
23732
26599
23850
9144
23612
20631
4737
17854
32585
24145
19951
2527
25317
27080
13805
11011
2913
1749
27771
27254
32493
1215
7769
12874
28262
17337
4730
14071
24687
940
19894
23621
4803
4151
7871
24940
1482
28149
9814
6265
26218
27902
12223
11507
18975
17584
28018
15807
29006
7343
28179
20033
982
10026
23972
21188
31721
12384
26362
23580
13082
18275
18797
9865
17846
25628
30420
4063
16472
11920
19889
14564
19384
19297
17320
22010
19140
20888
5174
29438
7922
19873
18335
11887
1748
30103
9768
12243
19181
29379
27527
23894
11459
25695
20120
5301
19509
32671
12625
27482
30479
28914
3320
14793
5852
25221
28307
30266
12539
19464
6049
8839
11509
28598
5895
20809
21774
10383
28237
1598
17690
28136
5898
30191
15250
12326
31901
26767
231
29383
15902
17445
22806
18338
19605
494
13181
3951
14697
4860
3309
9097
18715
30756
14336
19699
7731
4375
32685
11417
4219
26319
22553
30937
1132
29997
4528
13378
22246
14304
17013
16796
12580
32392
22934
31016
22766
19483
4420
9001
20752
17800
12993
31650
24076
29595
24763
9058
17164
23585
23512
8766
19226
13900
30098
24222
29331
15961
9541
11835
17625
27759
29574
25638
16969
4811
12215
13
25197
10010
9176
25274
1650
15142
15008
11228
28636
26805
19405
9482
3960
13486
696
24069
16530
11646
4908
24125
17513
18618
12408
3991
4576
17414
31427
18030
19830
3381
22176
2776
32120
30130
25315
1834
20086
13598
178
16318
31731
32570
8671
30707
12640
12552
20853
26742
30540
22829
10896
10944
213
8090
12658
32224
28002
20587
17108
18555
21140
3599
3450
31761
8825
28330
18954
15745
16899
2231
9502
30416
25529
13042
3992
13862
31405
31605
26934
32281
22958
6689
14694
27438
21182
25151
27227
21149
27335
30567
14944
15957
30089
18849
22380
27200
11735
7371
22775
9928
7683
7995
3085
17562
27799
21413
17825
28074
24901
21054
12067
3959
13857
9505
16725
14992
2318
17394
24922
6999
374
29378
21519
28677
32319
2099
31647
8174
24570
24285
4946
22535
17245
30192
23974
20645
16371
1306
30881
8327
32530
1963
19557
16663
16142
759
18437
10221
5804
3067
24727
6549
3289
20548
1675
6546
22684
9741
1339
7074
23882
26536
194
23108
14073
7711
1554
30328
27446
16154
24897
17606
4603
515
11812
27521
2779
4201
22303
13901
4736
5538
30267
17119
19543
29109
19577
27396
5258
4983
17255
4069
11823
15859
11504
10889
8639
15631
13688
17819
24521
19821
15401
17518
31719
15248
1415
6974
5106
32320
31819
23737
14194
20527
29806
16573
25432
3292
9348
2148
26096
21688
18763
25406
16145
15496
10116
14813
20631
3082
24577
407
29458
20443
18944
32135
17088
17048
18359
4309
14521
20803
18736
1591
25706
16105
29015
28856
22852
11138
4434
2489
9397
537
28176
12341
24664
4653
1061
27977
13417
22614
15829
8691
24187
14892
20334
16922
4205
14692
11740
16590
15258
25148
21367
4562
7248
31002
18207
25687
6532
11119
6539
31499
19651
18402
19678
17746
18028
16811
23163
7635
25117
828
19227
21047
16235
21543
5405
22573
13014
22076
13597
21426
17147
24049
13511
21135
1548
10760
5101
24867
29566
15979
18392
23650
32257
26203
17628
9502
2485
8649
17967
6278
4763
516
18428
29164
5962
14741
26546
31179
7139
25447
7842
9736
22854
17708
2761
3960
27782
4347
14826
24739
6811
27198
10977
8647
31831
12747
31027
1568
9884
23889
26345
7783
8907
24054
14495
5273
19327
23102
6104
21753
24956
16175
28564
18520
27874
27827
30501
916
16039
317
24382
4191
9795
2223
21837
13121
12205
4732
20746
21216
32135
29449
24656
25728
5013
13402
25901
454
9588
31210
31285
3009
15753
23514
28955
32555
20535
32078
8066
24043
3925
25109
28176
20959
4575
18312
24004
27865
9195
1204
30602
10727
21215
13755
23053
5080
2530
13943
22989
13563
21136
12385
26481
13354
3570
16305
12382
17159
14765
29639
11656
16774
5497
11978
5256
15020
15573
10383
24304
7830
2298
6332
23515
23996
20237
19501
32712
18807
20120
10646
26280
24001
25659
26986
15413
22588
21663
1276
32390
16503
17324
8421
20192
17772
11260
30373
17616
5197
27279
397
30582
3200
12992
29404
12580
29928
32375
12584
296
5734
20129
26367
8165
24479
20445
25807
22825
30208
14200
23043
28858
22528
27804
10607
13618
29861
20932
23790
13581
23626
17011
31817
18945
28319
6438
19291
28302
10737
20871
13171
4565
32684
6883
23546
23981
21022
28382
13910
8948
32637
102
269
24611
7724
5861
1582
5669
20026
10683
6381
24426
17452
20459
5773
32055
28924
22548
28291
20288
27489
7332
30168
27000
32337
26696
2511
15400
196
32423
17864
574
23228
7503
20580
27112
23426
2287
1002
11106
17714
31432
30185
525
12665
606
8735
15296
13214
12147
15514
21090
23487
6197
28445
17337
32606
4023
1477
7037
27420
8350
20204
25521
25027
8221
12878
28467
3210
27939
17258
12945
16533
12242
21292
7966
15804
11572
17608
13381
19085
809
10729
15134
20884
24740
27147
24639
25562
3607
31013
8149
17579
23084
24972
14323
25244
16054
9492
5417
25037
20967
14712
27993
7020
22467
9212
31942
13946
2004
30800
6510
15826
23328
16056
4250
22375
30296
1386
691
205
1106
8503
12631
29947
5305
24942
29612
8015
21252
15102
17652
16338
10660
11994
8546
9406
9602
28578
9516
7485
11688
2687
8674
2420
25406
5967
7678
11200
15801
13314
29372
7999
14159
20291
31788
6035
7598
1627
3973
19938
23277
6739
11196
16161
19139
16473
6229
8083
28663
20838
26234
10124
7703
7453
2122
7547
27501
25589
29299
16679
32559
15514
31747
31801
