31801
31747
15514
32559
16679
29299
25589
27501
7547
2122
7453
7703
10124
26234
20838
28663
8083
6229
16473
19139
16161
11196
6739
23277
19938
3973
1627
7598
6035
31788
20291
14159
7999
29372
13314
15801
11200
7678
5967
25406
2420
8674
2687
11688
7485
9516
28578
9602
9406
8546
11994
10660
16338
17652
15102
21252
8015
29612
24942
5305
29947
12631
8503
1106
205
691
1386
30296
22375
4250
16056
23328
15826
6510
30800
2004
13946
31942
9212
22467
7020
27993
14712
20967
25037
5417
9492
16054
25244
14323
24972
23084
17579
8149
31013
3607
25562
24639
27147
24740
20884
15134
10729
809
19085
13381
17608
11572
15804
7966
21292
12242
16533
12945
17258
27939
3210
28467
12878
8221
25027
25521
20204
8350
27420
7037
1477
4023
32606
17337
28445
6197
23487
21090
15514
12147
13214
15296
8735
606
12665
525
30185
31432
17714
11106
1002
2287
23426
27112
20580
7503
23228
574
17864
32423
196
15400
2511
26696
32337
27000
30168
7332
27489
20288
28291
22548
28924
32055
5773
20459
17452
24426
6381
10683
20026
5669
1582
5861
7724
24611
269
102
32637
8948
13910
28382
21022
23981
23546
6883
32684
4565
13171
20871
10737
28302
19291
6438
28319
18945
31817
17011
23626
13581
23790
20932
29861
13618
10607
27804
22528
28858
23043
14200
30208
22825
25807
20445
24479
8165
26367
20129
5734
296
12584
32375
29928
12580
29404
12992
3200
30582
397
27279
5197
17616
30373
11260
17772
20192
8421
17324
16503
32390
1276
21663
22588
15413
26986
25659
24001
26280
10646
20120
18807
32712
19501
20237
23996
23515
6332
2298
7830
24304
10383
15573
15020
5256
11978
5497
16774
11656
29639
14765
17159
12382
16305
3570
13354
26481
12385
21136
13563
22989
13943
2530
5080
23053
13755
21215
10727
30602
1204
9195
27865
24004
18312
4575
20959
28176
25109
3925
24043
8066
32078
20535
32555
28955
23514
15753
3009
31285
31210
9588
454
25901
13402
5013
25728
24656
29449
32135
21216
20746
4732
12205
13121
21837
2223
9795
4191
24382
317
16039
916
30501
27827
27874
18520
28564
16175
24956
21753
6104
23102
19327
5273
14495
24054
8907
7783
26345
23889
9884
1568
31027
12747
31831
8647
10977
27198
6811
24739
14826
4347
27782
3960
2761
17708
22854
9736
7842
25447
7139
31179
26546
14741
5962
29164
18428
516
4763
6278
17967
8649
2485
9502
17628
26203
32257
23650
18392
15979
29566
24867
5101
10760
1548
21135
13511
24049
17147
21426
13597
22076
13014
22573
5405
21543
16235
21047
19227
828
25117
7635
23163
16811
18028
17746
19678
18402
19651
31499
6539
11119
6532
25687
18207
31002
7248
4562
21367
25148
15258
16590
11740
14692
4205
16922
20334
14892
24187
8691
15829
22614
13417
27977
1061
4653
24664
12341
28176
537
9397
2489
4434
11138
22852
28856
29015
16105
25706
1591
18736
20803
14521
4309
18359
17048
17088
32135
18944
20443
29458
407
24577
3082
20631
14813
10116
15496
16145
25406
18763
21688
26096
2148
9348
3292
25432
16573
29806
20527
14194
23737
31819
32320
5106
6974
1415
15248
31719
17518
15401
19821
24521
17819
13688
15631
8639
10889
11504
15859
11823
4069
17255
4983
5258
27396
19577
29109
19543
17119
30267
5538
4736
13901
22303
4201
2779
27521
11812
515
4603
17606
24897
16154
27446
30328
1554
7711
14073
23108
194
26536
23882
7074
1339
9741
22684
6546
1675
20548
3289
6549
24727
3067
5804
10221
18437
759
16142
16663
19557
1963
32530
8327
30881
1306
16371
20645
23974
30192
17245
22535
4946
24285
24570
8174
31647
2099
32319
28677
21519
29378
374
6999
24922
17394
2318
14992
16725
9505
13857
3959
12067
21054
24901
28074
17825
21413
27799
17562
3085
7995
7683
9928
22775
7371
11735
27200
22380
18849
30089
15957
14944
30567
27335
21149
27227
25151
21182
27438
14694
6689
22958
32281
26934
31605
31405
13862
3992
13042
25529
30416
9502
2231
16899
15745
18954
28330
8825
31761
3450
3599
21140
18555
17108
20587
28002
32224
12658
8090
213
10944
10896
22829
30540
26742
20853
12552
12640
30707
8671
32570
31731
16318
178
13598
20086
1834
25315
30130
32120
2776
22176
3381
19830
18030
31427
17414
4576
3991
12408
18618
17513
24125
4908
11646
16530
24069
696
13486
3960
9482
19405
26805
28636
11228
15008
15142
1650
25274
9176
10010
25197
13
12215
4811
16969
25638
29574
27759
17625
11835
9541
15961
29331
24222
30098
13900
19226
8766
23512
23585
17164
9058
24763
29595
24076
31650
12993
17800
20752
9001
4420
19483
22766
31016
22934
32392
12580
16796
17013
14304
22246
13378
4528
29997
1132
30937
22553
26319
4219
11417
32685
4375
7731
19699
14336
30756
18715
9097
3309
4860
14697
3951
13181
494
19605
18338
22806
17445
15902
29383
231
26767
31901
12326
15250
30191
5898
28136
17690
1598
28237
10383
21774
20809
5895
28598
11509
8839
6049
19464
12539
30266
28307
25221
5852
14793
3320
28914
30479
27482
12625
32671
19509
5301
20120
25695
11459
23894
27527
29379
19181
12243
9768
30103
1748
11887
18335
19873
7922
29438
5174
20888
19140
22010
17320
19297
19384
14564
19889
11920
16472
4063
30420
25628
17846
9865
18797
18275
13082
23580
26362
12384
31721
21188
23972
10026
982
20033
28179
7343
29006
15807
28018
17584
18975
11507
12223
27902
26218
6265
9814
28149
1482
24940
7871
4151
4803
23621
19894
940
24687
14071
4730
17337
28262
12874
7769
1215
32493
27254
27771
1749
2913
11011
13805
27080
25317
2527
19951
24145
32585
17854
4737
20631
23612
9144
23850
26599
23732
18463
8202
30642
2715
18080
6945
15813
15549
26013
21984
2510
28401
20680
18671
10765
22661
14082
25663
14680
3309
3956
23890
10836
12974
493
29129
11249
7302
11900
2605
17189
20704
20561
26881
13803
19318
30671
20998
9085
1350
22516
21967
26063
3769
25325
11655
6222
18447
12787
21249
24537
1040
29802
16639
20478
8432
25148
1990
2424
25474
28016
8672
28136
8351
12048
13618
1233
215
19260
11329
28120
27224
18569
21439
31803
23837
5790
26715
22417
19802
16400
16585
15810
18470
891
14
16968
28264
20451
31759
9894
4614
24652
17500
10280
330
29335
30007
24283
19607
21919
17130
2510
4684
19090
26953
25737
7414
30099
27524
25036
24508
22927
20528
26507
7430
7006
17815
26665
17262
2076
23102
29938
19690
6856
13751
9693
11321
32029
32167
29314
5261
16303
21273
22615
10105
17736
5123
27185
21788
7555
19736
9465
31373
19113
1999
9645
2696
11978
24754
7321
19545
7197
4586
6613
32007
17564
24074
3840
24259
1241
1818
8764
658
17957
15846
11884
22584
29667
13703
3244
20582
16424
18224
784
7462
13206
21052
29855
23685
17528
17527
11920
14722
28960
30379
28358
20277
6527
18798
32648
23105
5125
11816
1156
1149
14777
2153
21764
22240
26011
4971
32625
7597
9016
14309
20999
19167
2189
32273
1241
8917
30496
2047
24839
16192
16475
16410
317
13387
26922
10233
1901
25611
2263
29545
25551
19495
32547
23482
2328
22986
32167
22345
10744
4041
8300
8525
23512
2831
4552
15845
15060
12623
30074
26208
27381
5612
5895
2509
4786
24865
5973
19908
10920
17783
5511
15222
16023
20328
3867
1266
31646
6990
29504
3768
10170
15761
9596
10626
24187
26895
27517
10319
12039
8140
573
16051
30547
31197
22107
21341
6302
20113
7096
13032
24880
19424
16463
20197
18259
18455
30296
29991
20881
22979
20895
11088
18478
477
13343
6810
3046
29750
1509
14313
11754
18980
29731
5136
9495
11116
13201
98
15480
14705
522
29564
5885
18588
25446
23119
25723
13325
21907
16754
9190
22402
30714
680
3788
31622
25103
25263
2579
16349
9528
19274
14326
20526
13794
3472
1851
28400
14303
22645
23480
8857
27141
20375
11272
4356
11523
28237
12424
21793
24964
8940
32663
23266
6537
20058
13068
3428
22786
5080
29434
25435
25006
9482
417
5570
17971
30281
9399
3266
16510
1836
2007
20194
1887
11091
29768
32367
8031
32629
31217
12588
25315
30379
26011
11836
15750
11261
8295
24142
22193
25645
21649
31241
10110
27585
29542
17081
14285
15701
30849
20794
32422
7201
1612
18211
8657
3783
14261
28214
4274
26209
17198
4613
13928
15817
19178
8167
16167
7465
30292
22813
11476
11717
12498
9023
14049
10759
10682
17131
12650
30155
29075
3247
30607
2794
20623
22581
5395
9739
12871
16816
11060
24487
17080
1413
19659
7517
6268
572
19877
1911
2124
11432
16675
28346
32180
596
9231
20084
29975
17967
28097
22210
29413
4986
1137
11041
5145
4848
20700
16695
5111
24118
27932
3041
25350
23940
10947
24190
11082
11155
27704
13437
24006
19400
3413
18723
9520
16033
22336
11168
23028
16478
15241
15188
21357
15858
21123
14429
12897
19499
22758
21603
188
11551
10403
28582
17040
12249
26889
28230
21580
30275
29208
20948
12858
27989
7972
792
1341
893
3244
30756
4297
26959
32123
8856
24101
26736
25342
21045
16607
7359
17639
30631
4239
7108
1026
29581
13263
22109
13397
24012
22648
16549
2685
28948
29984
3110
6214
1714
28627
65
21643
20118
1551
15579
10831
12198
20996
29516
2842
31811
2316
24963
16536
26395
20327
7037
31087
25648
15674
28391
19807
25128
28872
27920
13470
2006
18929
26387
11892
25095
10986
26692
4884
11663
23101
31450
19644
10646
25091
17117
29711
7710
2143
15184
2993
727
15676
8609
22306
29222
6473
23376
2270
21618
18995
25053
17332
28592
2084
245
11110
18224
28795
29407
128
30632
25036
10019
892
31616
13593
16251
6933
862
28752
3838
31210
20212
19974
10121
16213
12807
13940
16751
20364
12738
1458
2403
24312
26171
15153
8356
27859
3141
28285
23401
10503
29559
9522
2447
325
13436
26174
21887
20835
23451
9815
1380
29434
29576
27070
10892
10302
7275
14132
2845
7711
6960
14396
20987
415
3344
8849
20727
25717
11103
18152
24891
27873
19350
24809
11765
3280
1954
1130
30017
15411
14957
17389
2906
29338
15532
27739
11267
23575
3562
29184
26161
1360
21972
27337
11772
31460
27078
12731
24775
6146
17044
4021
18349
70
3739
1384
25645
213
19466
4758
4888
21691
5996
5769
20921
2178
6777
9685
12613
30998
18204
29009
17540
10711
19142
6737
5055
28158
26100
4135
25324
8499
5118
21211
22038
27501
12064
14120
16401
19468
31948
1977
10077
26676
20017
8100
19801
22634
8453
23077
17323
29044
27802
29598
23534
17515
1823
14285
32156
21028
20276
6478
11837
11712
1459
3666
22479
2703
956
20128
6519
28972
14593
20171
11879
6101
7762
5300
14097
6666
2154
16706
28813
2920
1786
27487
9798
8646
15349
10292
27114
29327
22301
23719
23954
32608
8653
13331
7215
3557
18183
22600
3127
1775
17343
18117
10383
22744
11112
24371
3002
6426
11455
1828
18754
24876
725
32524
24933
8862
15970
17534
23298
28279
4935
7594
20420
27597
5730
10773
30351
31140
6041
5273
30762
14347
1056
17054
6701
29811
32011
7321
3115
13649
3611
19396
25378
24822
12484
2334
3874
15276
1916
22948
22331
14612
32074
21455
10155
23741
13708
19024
15942
9735
30730
30730
296
17209
1338
2382
2968
2015
32468
7772
15677
25192
20632
8985
22407
19711
17757
6156
30038
30120
13405
10397
26862
6557
29374
10895
19486
20457
30050
25277
20141
16197
20210
11027
3848
31537
30247
21966
2344
1108
89
27126
26568
10263
15437
5403
17350
15231
22842
28238
7640
27978
1563
26209
7794
11084
13627
353
26614
22281
28668
13651
1820
17813
26345
2604
19874
18090
10749
22293
9015
12042
13620
14559
6307
8726
15698
7619
18746
5806
26865
605
22145
21321
25040
15337
2592
23895
27225
27582
27146
6101
25458
30730
19178
3376
28295
9678
11472
8286
6102
12315
28186
8505
13564
30861
8359
29
25535
11527
3384
7363
21788
32432
12585
27743
20627
17964
16976
29431
7088
12573
1331
19460
12764
21722
368
15950
30820
17008
24679
5891
23241
30681
556
18456
31560
19066
5291
1507
25516
9954
14619
24568
25170
16831
935
4418
32635
5666
24921
868
14040
19702
12361
16720
24914
27068
5637
21799
31512
22667
24642
19794
12781
14662
31683
25824
26546
1054
19848
2849
5425
25417
31289
18051
14634
24066
26579
11947
16290
12484
1428
31189
3433
28353
9763
22895
7148
18599
30722
8690
20795
5269
26679
31235
92
29530
31543
3273
15825
12015
26645
31631
29798
11830
491
2717
26174
6642
15239
17746
1567
3848
20824
5508
21756
31223
26009
2586
12226
30612
6846
18665
14694
22280
30750
26574
19757
6414
9441
10507
9533
2151
17707
22245
8547
18336
1416
14974
23077
28679
8344
27118
27658
7657
27390
27047
10023
1551
12676
23817
3820
28793
30098
16962
22063
13404
21456
30058
17272
4440
8473
30430
10638
509
2465
12507
24640
25471
15976
14429
26999
3767
31969
17720
11899
15964
31965
23927
388
24193
4284
28659
20355
8528
982
23094
11824
29959
805
5520
12885
14131
7222
1913
14940
16682
7760
12585
6422
10700
27109
14964
19660
22652
31288
5097
11914
17755
13646
11308
17833
710
19992
29842
11165
27665
17633
12541
11263
5507
20980
20216
3293
22932
18064
16405
11071
8036
12304
4998
22523
13950
18772
19193
8380
25549
1653
9911
29007
31709
18088
25853
14640
9813
30833
12444
339
9907
15371
15054
7734
17992
20502
15450
27174
15221
21633
23019
13263
10790
12216
10155
19721
6541
8720
18469
26079
31522
21361
25179
8163
7898
26436
27428
1456
12454
25247
32202
21182
6958
28845
16355
14188
27596
20834
3182
1353
5069
32350
25136
28580
8933
21025
20816
19542
22258
15727
25648
206
7412
22276
16268
1884
24395
20858
30167
14528
15666
9081
18900
17908
1914
28191
23666
3640
7817
28081
492
15710
3476
130
14879
24150
32539
4130
2093
19964
26276
26825
9553
14879
31674
19205
19204
6355
25127
17313
4175
17402
7024
5591
5745
9487
7568
17336
180
7476
10998
218
29579
5502
18371
6979
5871
25470
26687
9876
22521
28177
13467
30071
26050
15979
32237
11596
9593
26977
16487
18
6596
31989
20184
22674
31067
24102
870
1233
28897
17143
4492
10934
19460
13503
21841
4857
471
18098
15305
5710
24686
27823
8400
14545
21433
7755
15875
16307
932
12828
1793
19748
17774
7497
3810
20098
7240
848
21239
18626
17713
16921
1730
20253
2575
26171
15670
12285
22544
13196
2866
9257
21826
11757
32570
3118
29039
20053
2678
2064
11837
20510
14063
30000
6789
17038
18183
7806
15601
19111
6712
10978
27099
16690
29456
5606
16484
6408
31339
16039
19154
14754
7153
22780
32302
14819
6097
19687
5404
10019
26046
20539
508
17533
17704
18061
29760
28252
5822
13151
11534
3650
23331
19081
7961
19162
29422
27370
5563
24640
31719
3918
24405
19598
26494
416
14058
15529
9870
23635
26872
25931
1617
9741
28568
13395
6821
5012
472
1611
20864
15356
21079
19513
2991
19216
31009
19881
22229
32256
17611
29433
9378
30283
28369
17382
6994
12013
28461
1623
23399
8139
27450
10599
22185
23389
31690
26807
5213
12957
18053
21491
32452
11054
9859
9892
5589
21455
24620
7223
9020
17153
7245
11341
19349
19445
9853
23364
6372
13754
10929
2821
23127
167
28188
30734
30014
1540
16203
20160
840
32255
6527
1260
23042
14285
14156
25499
22412
4125
4209
27933
4252
29124
32505
2899
15287
27813
1938
12863
30124
12000
300
25291
15187
27710
6100
14807
13446
32730
26320
30600
11359
21522
9726
10959
21170
23728
9832
27958
8908
12115
6698
23281
2924
1570
25479
13091
13312
14514
26440
19567
31523
30518
7767
18881
2645
21480
25243
15196
6907
26294
13076
6182
18585
5936
27449
15154
3149
22703
10640
20877
15757
25800
24973
25676
13348
16370
21679
27349
26472
5237
28375
4460
9919
12181
16874
8191
18260
11518
7337
11572
25364
7281
30926
2482
1262
11694
15465
4014
24138
11939
2684
17081
25032
26581
7892
27591
24380
8973
28968
7553
31976
26694
7031
19662
10747
15573
16285
27037
26184
28888
26677
9207
31562
18146
8373
18756
598
487
16582
26076
21537
9572
9955
5840
15732
29650
24117
14328
5421
30539
27564
23103
3959
8316
15967
11821
27212
18381
32551
20148
20266
7373
15225
6205
1556
20450
10114
30708
21962
561
29576
24402
11595
18377
28799
18411
29321
18454
32744
29561
4718
18563
2801
21543
11790
11632
31944
18721
300
15701
31809
7002
24049
12854
24747
26270
23018
25929
7661
23258
2113
8420
9191
426
23871
25771
27910
29731
5888
10233
14375
11488
18295
26254
10672
25169
23460
889
20458
5442
15378
20038
18083
16296
25237
13930
30212
20402
324
30958
10414
23311
5812
21593
29978
13947
2933
3810
13873
23950
13520
23252
3880
22215
22720
25923
13984
32726
3889
6896
1277
28200
7286
28536
517
20407
8463
12994
28092
30738
15003
16553
125
1449
29209
5864
24155
19292
4966
7493
31160
27206
18929
11263
24869
18373
7874
7291
13435
19404
13229
28716
15673
4971
22481
22978
26143
926
20822
13462
3594
26708
30822
13908
29201
3009
32618
26344
10976
29159
1160
10924
31058
9313
18524
27346
24148
14962
9717
10254
14839
2380
10257
902
28118
10404
22426
2557
16041
14196
8034
19773
28968
3345
24861
6084
24100
17008
6047
18098
31202
16307
8790
5616
2745
14841
5640
27299
2798
19814
11983
26579
29133
8047
16212
22870
24587
13673
14666
16640
27482
27475
11052
4624
1356
14050
20281
26323
14700
8908
1967
15517
16024
11864
25669
489
6051
32037
3309
717
16170
824
11722
32674
6837
6475
16494
31219
12561
9555
20055
932
24555
17234
2219
7270
3247
6749
20785
26969
3234
18927
4241
21250
16444
7022
30159
21870
7625
25597
31492
3750
10050
17026
19293
22356
1895
9722
26200
29109
21024
18427
7227
6849
9236
1929
16343
2456
7561
20508
10621
10542
29821
30959
26432
6200
6660
18573
13931
15192
12003
2200
8772
28038
17260
21980
25601
6849
7835
6290
24585
20725
2160
20727
23662
4910
21389
9231
19625
31485
8722
21685
20118
29737
8631
5350
13489
7832
15145
23373
14738
8830
28841
10512
14501
710
26593
27612
2092
14784
23304
26669
20601
11275
27960
22497
31846
15812
7694
10494
7959
5614
22657
2242
27379
23586
22790
9963
5598
31866
26339
23878
18106
15801
7378
10108
26655
13758
15577
5915
31833
26666
19303
12258
20129
6990
28082
22608
7581
12122
18254
19053
6940
962
21264
12506
23820
14066
29475
23573
7103
19509
13418
15377
22878
993
280
2548
20139
29125
16012
20017
14589
7638
4721
11977
25975
15127
19220
12764
5514
16585
9990
24692
6317
29138
30709
30100
14170
7793
23750
1406
19274
11297
3830
18756
8435
12237
32561
31377
32320
9780
15666
27574
27282
5789
26331
18426
5110
11198
6807
10268
28070
3816
10478
26412
25540
4470
361
25482
16468
28790
5799
6205
7545
16024
13758
14968
243
16469
3286
18281
31959
18018
23810
11843
29071
21079
4960
652
19731
4506
17779
25258
25448
31376
19646
32427
15448
6149
32164
27475
29298
20186
13694
11626
32579
10735
15356
10566
4309
30802
13247
25237
17511
18856
5685
14446
25196
5339
30391
2457
30664
5379
2271
27933
26696
10392
9774
27402
22113
16088
20189
24967
31788
8052
25090
541
20897
6273
2278
4932
7185
24220
4515
25133
17128
11102
13571
4305
1442
26113
919
11321
28428
25170
30229
14093
8639
473
23798
5217
23000
17222
11086
32446
16379
3101
22764
30574
27017
14500
22452
23052
8736
15882
22588
74
23122
27355
22948
8706
22440
4515
16569
23938
472
10719
29259
5138
26947
13099
11469
1737
25268
26280
7469
24464
21590
685
27380
4726
4086
15536
14240
17204
22137
9589
19776
6914
24734
2935
30800
15003
2294
10134
18645
13453
29474
8193
14010
15300
19534
11621
25964
29272
238
28245
691
1173
950
13563
31954
31819
477
23294
3041
30806
8340
26549
19048
13423
8131
5260
22846
3379
32261
31669
19107
27762
31204
32017
20634
18876
3160
9568
27275
11048
14460
9126
3608
21094
19602
6367
1854
518
28728
19942
2990
1801
7145
7073
15724
29351
21945
4463
6311
12385
20300
9685
2266
25673
16662
32103
8483
15760
7896
5107
13282
10575
344
21491
17812
4505
24930
26674
5871
5311
32766
21439
16960
24804
6129
7185
10243
8132
13433
4475
9923
7871
18755
465
23092
7979
26543
24921
23948
31449
11590
13815
19752
2279
18297
20627
862
28359
10398
8396
19614
18831
18983
12002
3791
23425
6180
2014
8167
10716
25082
10246
18378
14052
27746
12159
10599
17454
167
27970
3855
18736
5402
3139
22039
2567
27352
28382
30127
31369
15551
1156
23811
22924
23468
9638
9363
12407
21496
16864
20174
8969
30772
27752
5108
15208
27938
4791
29996
7788
4854
27000
4834
21547
26573
23472
613
4295
16236
2093
7871
10613
27708
6451
4310
8656
13700
612
2755
32094
14055
28910
29297
16738
1311
31226
30585
21219
13306
21330
20538
7419
6549
8788
6718
11108
27350
11541
6603
9534
3373
31192
21702
21541
14733
10416
17615
9073
19623
4979
7321
17358
24680
32737
23688
24319
2740
28691
12944
2029
23907
23848
24907
21237
890
26669
10843
17009
6061
19788
30721
29574
4116
9527
16892
14127
23339
16596
27046
905
2574
11052
2379
26975
9204
7568
29387
31224
32490
29197
22898
18718
14804
24592
25365
30577
13216
3932
7280
28908
7115
19754
3262
19382
30744
28576
25753
29485
15245
13175
1042
2863
19120
8167
21522
14250
2305
15572
12017
13413
19386
10045
21591
26894
19909
20451
9298
25990
252
28728
7607
29292
22695
393
23484
8678
26929
17006
3796
3254
31019
5744
11468
10107
24453
19451
21542
23621
19209
5253
7860
21598
20251
15101
24439
7766
20910
25721
1976
7246
13960
26394
12134
26248
25529
833
31921
3630
31575
2807
26342
27745
26237
17304
4236
27012
3461
3520
13502
26825
22916
8058
25546
17403
23301
23717
2825
908
12808
6568
1024
16096
4923
21593
9910
20698
1657
12073
6998
19622
14979
14995
26375
24264
2556
22726
28682
1636
3497
18319
29972
21198
22505
7307
13292
4436
13680
16269
15175
5961
3914
12107
9185
5204
18958
7246
11487
6393
15968
9754
30563
15719
9900
18076
23919
5250
7712
14291
8189
22322
3304
24512
26718
29677
7600
3729
22738
28289
6229
6923
10343
15398
15852
10552
1557
1986
504
10065
16152
2685
15589
19692
25743
25735
13258
10343
27733
8743
4447
1686
2335
22790
11323
16555
13781
2492
13905
15460
12339
12699
12715
10874
24226
14521
18023
20296
23890
10306
22001
25017
11931
21758
26497
19574
19092
27167
18902
23887
2547
79
1587
12008
10278
11512
153
22694
22705
13781
24901
12507
11209
21688
9067
11568
15920
14236
25906
11602
28753
10476
21745
15327
8350
3092
22443
4496
9512
6728
17607
26281
127
2962
21267
24224
3531
6177
4858
6668
8234
32206
4611
15055
20810
30193
907
26246
31560
18277
2757
4911
6602
24792
497
10778
3674
10071
23259
19731
1028
25880
29846
18896
28210
1160
631
1943
24262
919
24662
31539
12151
19265
28675
27928
14959
22367
23557
7635
7716
23214
23449
5302
18549
19231
21480
9411
17671
607
29321
29655
2784
24233
7481
4122
17732
4042
21208
24485
21454
31859
22950
30324
32209
27589
22205
7821
5360
24344
10961
7792
762
18446
12325
2496
32521
1751
13775
10289
26077
